' ': (32, 32, 32)
'!': (33, 33, 33)
'"': (34, 34, 34)
'#': (35, 35, 35)
'$': (36, 36, 36)
'%': (37, 37, 37)
'&': (38, 38, 38)
''': (39, 39, 39)
'(': (40, 40, 40)
')': (41, 41, 41)
'*': (42, 42, 42)
'+': (43, 43, 43)
',': (44, 44, 44)
'-': (45, 45, 45)
'.': (46, 46, 46)
'/': (47, 47, 47)
'0': (48, 48, 48)
'1': (49, 49, 49)
'2': (50, 50, 50)
'3': (51, 51, 51)
'4': (52, 52, 52)
'5': (53, 53, 53)
'6': (54, 54, 54)
'7': (55, 55, 55)
'8': (56, 56, 56)
'9': (57, 57, 57)
':': (58, 58, 58)
';': (59, 59, 59)
'<': (60, 60, 60)
'=': (61, 61, 61)
'>': (62, 62, 62)
'?': (63, 63, 63)
'@': (64, 64, 64)
'A': (65, 65, 65)
'B': (66, 66, 66)
'C': (67, 67, 67)
'D': (68, 68, 68)
'E': (69, 69, 69)
'F': (70, 70, 70)
'G': (71, 71, 71)
'H': (72, 72, 72)
'I': (73, 73, 73)
'J': (74, 74, 74)
'K': (75, 75, 75)
'L': (76, 76, 76)
'M': (77, 77, 77)
'N': (78, 78, 78)
'O': (79, 79, 79)
'P': (80, 80, 80)
'Q': (81, 81, 81)
'R': (82, 82, 82)
'S': (83, 83, 83)
'T': (84, 84, 84)
'U': (85, 85, 85)
'V': (86, 86, 86)
'W': (87, 87, 87)
'X': (88, 88, 88)
'Y': (89, 89, 89)
'Z': (90, 90, 90)
'[': (91, 91, 91)
'\': (92, 92, 92)
']': (93, 93, 93)
'^': (94, 94, 94)
'_': (95, 95, 95)
'`': (96, 96, 96)
'a': (97, 97, 97)
'b': (98, 98, 98)
'c': (99, 99, 99)
'd': (100, 100, 100)
'e': (101, 101, 101)
'f': (102, 102, 102)
'g': (103, 103, 103)
'h': (104, 104, 104)
'i': (105, 105, 105)
'j': (106, 106, 106)
'k': (107, 107, 107)
'l': (108, 108, 108)
'm': (109, 109, 109)
'n': (110, 110, 110)
'o': (111, 111, 111)
'p': (112, 112, 112)
'q': (113, 113, 113)
'r': (114, 114, 114)
's': (115, 115, 115)
't': (116, 116, 116)
'u': (117, 117, 117)
'v': (118, 118, 118)
'w': (119, 119, 119)
'x': (120, 120, 120)
'y': (121, 121, 121)
'z': (122, 122, 122)
'{': (123, 123, 123)
'|': (124, 124, 124)
'}': (125, 125, 125)
'~': (126, 126, 126)
'': (127, 127, 127)
